0E
11
11
11
11
11
0E
00
02
06
0A
02
02
02
0F
00
0E
11
01
02
04
08
1F
00
0E
11
01
02
01
11
0E
00
11
11
11
1F
01
01
01
00
1F
10
10
1E
01
01
1E
00
0E
11
10
1E
11
11
0E
00
1F
01
01
01
01
01
01
00
0E
11
11
0E
11
11
0E
00
0E
11
11
0F
01
11
0E
00
0E
11
11
1F
11
11
11
00
1E
11
11
1E
11
11
1E
00
0E
11
10
10
10
11
0E
00
1E
11
11
11
11
11
1E
00
1F
10
10
1E
10
10
1F
00
1F
10
10
1E
10
10
10
00
0E
11
11
11
11
11
0E
00
02
06
0A
02
02
02
0F
00
0E
11
01
02
04
08
1F
00
0E
11
01
02
01
11
0E
00
11
11
11
1F
01
01
01
00
1F
10
10
1E
01
01
1E
00
0E
11
10
1E
11
11
0E
00
1F
01
01
01
01
01
01
00
0E
11
11
0E
11
11
0E
00
0E
11
11
0F
01
11
0E
00
0E
11
11
1F
11
11
11
00
1E
11
11
1E
11
11
1E
00
0E
11
10
10
10
11
0E
00
1E
11
11
11
11
11
1E
00
1F
10
10
1E
10
10
1F
00
1F
10
10
1E
10
10
10
00
0E
11
11
11
11
11
0E
00
02
06
0A
02
02
02
0F
00
0E
11
01
02
04
08
1F
00
0E
11
01
02
01
11
0E
00
11
11
11
1F
01
01
01
00
1F
10
10
1E
01
01
1E
00
0E
11
10
1E
11
11
0E
00
1F
01
01
01
01
01
01
00
0E
11
11
0E
11
11
0E
00
0E
11
11
0F
01
11
0E
00
0E
11
11
1F
11
11
11
00
1E
11
11
1E
11
11
1E
00
0E
11
10
10
10
11
0E
00
1E
11
11
11
11
11
1E
00
1F
10
10
1E
10
10
1F
00
1F
10
10
1E
10
10
10
00
0E
11
11
11
11
11
0E
00
02
06
0A
02
02
02
0F
00
0E
11
01
02
04
08
1F
00
0E
11
01
02
01
11
0E
00
11
11
11
1F
01
01
01
00
1F
10
10
1E
01
01
1E
00
0E
11
10
1E
11
11
0E
00
1F
01
01
01
01
01
01
00
0E
11
11
0E
11
11
0E
00
0E
11
11
0F
01
11
0E
00
0E
11
11
1F
11
11
11
00
1E
11
11
1E
11
11
1E
00
0E
11
10
10
10
11
0E
00
1E
11
11
11
11
11
1E
00
1F
10
10
1E
10
10
1F
00
1F
10
10
1E
10
10
10
00